Z	Integral
6630	450196000
72541	260624100
209100	87557620
416150	17145470
693646	2146128
6630	442865700
72541	260119400
209100	87059200
416150	16693640
693646	1865650
6630	443691400
72541	261035900
209100	86845900
416150	16372180
693646	1527920
6630	442136300
72541	260547100
209100	87045300
416150	16539200
693646	1527544
6630	441700200
72541	260326500
209100	87294220
416150	16480180
693646	1501406
6630	440129100
72541	259816300
209100	87490640
416150	16750280
693646	1496390
6630	441680600
72541	260942500
209100	87840590
416150	16686220
693646	1529244
6630	439056100
72541	260612900
209100	87765170
416150	16767800
693646	1561685
6630	439765000
72541	261828400
209100	88125630
416150	16910430
693646	1413600
6630	440770600
72541	262393600
209100	87878140
416150	16772750
693646	1423976
6630	438865100
72541	260676900
209100	88170790
416150	16776710
693646	1334508
6630	438809600
72541	260251900
209100	88201550
416150	16831460
693646	1404299
6630	440521000
72541	260759900
209100	88528600
416150	16680710
693646	1407933
6630	440733600
72541	262211700
209100	88367120
416150	16751120
693646	1352363
6630	441345000
72541	261549100
209100	88527960
416150	16590900
693646	1234158
6630	439160200
72541	260906500
209100	88207170
416150	16669640
693646	1181344
6630	437330800
72541	260768200
209100	87910560
416150	16569870
693646	1117484
6630	439583800
72541	261170900
209100	88123700
416150	16585460
693646	1191263
6630	439782600
72541	260927600
209100	88264590
416150	16633170
693646	1103797
6630	439295600
72541	261855900
209100	88426880
416150	16565070
693646	1087024
6630	440871100
72541	260996100
209100	88686130
416150	16453320
693646	1073544
6630	438062200
72541	260469200
209100	88599860
416150	16590660
693646	1176467
6630	438907100
72541	261291800
209100	88990510
416150	16543730
693646	995662
6630	438154200
72541	260972500
209100	89141490
416150	16764040
693646	1091088
6630	439678900
72541	261424500
209100	88815090
416150	16774110
693646	1082786
6630	439575600
72541	262086400
209100	89132520
416150	16733870
693646	1085418
6630	438982800
72541	260941400
209100	89018570
416150	16914580
693646	1254997
6630	438122100
72541	261239600
209100	89143110
416150	16950460
693646	1059943
6630	439422500
72541	261352900
209100	89487600
416150	17051240
693646	1187303
6630	439610400
72541	261543700
209100	89572680
416150	17123790
693646	1159794
6630	438998500
72541	262293000
209100	89579150
416150	17068100
693646	1078093
6630	439826700
72541	262654400
209100	89788800
416150	17066640
693646	1197282
6630	439338500
72541	263228000
209100	90328510
416150	17177570
693646	1155348
6630	439457400
72541	260925100
209100	89570140
416150	17278110
693646	1228225
6630	438567200
72541	261990400
209100	90072060
416150	17167440
693646	1198436
6630	439533800
72541	262881600
209100	90184650
416150	17343590
693646	1026167
6630	434346500
72541	261423000
209100	90142070
416150	17248820
693646	1136758
6630	439246500
72541	262247400
209100	90194090
416150	17227450
693646	1164170
6630	435743800
72541	261756900
209100	89756730
416150	17262840
693646	1123188
6630	438567400
72541	262437400
209100	89936340
416150	17245860
693646	1034120
6630	437948800
72541	261641300
209100	90069060
416150	17340010
693646	1095639
6630	437282700
72541	261299000
209100	89815650
416150	17145600
693646	1134681
6630	436632900
72541	261472400
209100	90091490
416150	17130280
693646	1072569
6630	438173500
72541	261538100
209100	90185420
416150	17126200
693646	952090
6630	436749200
72541	260835000
209100	90137680
416150	17112090
693646	921869
6630	436319800
72541	261990300
209100	90126910
416150	17061280
693646	971304
6630	436730200
72541	261763200
209100	90188480
416150	17041790
693646	925553
6630	438358000
72541	262032800
209100	89926520
416150	17122180
693646	883178
6630	436465500
72541	261807000
209100	89943470
416150	16956790
693646	854772
6630	436355400
72541	261306700
209100	90008380
416150	16869360
693646	759032
6630	434342600
72541	261884100
209100	89712200
416150	16956530
693646	865937
6630	435621900
72541	259797400
209100	89610220
416150	16893380
693646	841593
6630	433747000
72541	260296200
209100	89835780
416150	16935090
693646	589365
6630	433565200
72541	259999200
209100	89847450
416150	16917460
693646	686634
6630	434887300
72541	260461200
209100	89544310
416150	16684280
693646	624529
6630	435591900
72541	260643900
209100	89631700
416150	16726520
693646	557010
6630	434324900
72541	260255900
209100	89704220
416150	16715060
693646	688791
6630	432860100
72541	260575700
209100	89851920
416150	16659200
693646	575126
6630	434961100
72541	260490000
209100	89734500
416150	16711700
693646	488089
6630	432963500
72541	259563900
209100	89938230
416150	16741750
693646	587419
6630	432913200
72541	261315400
209100	89810660
416150	16627670
693646	483275
6630	434128700
72541	261062100
209100	88851720
416150	16814360
693646	489074
6630	432549500
72541	259416100
209100	89530730
416150	16686060
693646	451302
6630	431484900
72541	259255000
209100	89549630
416150	16598520
693646	514229
6630	431663700
72541	258752200
209100	89281700
416150	16579560
693646	444758
6630	431869200
72541	259287100
209100	89410900
416150	16564580
693646	477662
6630	432207800
72541	259328000
209100	89271770
416150	16530070
693646	442069
6630	431142600
72541	260407500
209100	89297360
416150	16663150
693646	468550
6630	431665500
72541	258720100
209100	89514700
416150	16695630
693646	541937
6630	431070300
72541	258633600
209100	89622220
416150	16789120
693646	482988
6630	431278100
72541	259960600
209100	89555090
416150	16760520
693646	484045
6630	431367800
72541	260298600
209100	89934190
416150	16738090
693646	584585
6630	431696500
72541	259323500
209100	89670290
416150	16701060
693646	523319
6630	432669800
72541	259672100
209100	89534700
416150	16697580
693646	505176
6630	431514700
72541	259203300
209100	89799930
416150	16808780
693646	384628
6630	430878000
72541	259309700
209100	89620620
416150	16886880
693646	359312
6630	431767000
72541	259183400
209100	89654050
416150	16686340
693646	460354
6630	430289300
72541	259098800
209100	89692100
416150	16650640
693646	468606
6630	430283500
72541	259268800
209100	89553580
416150	16813560
693646	389683
6630	430555400
72541	259749200
209100	89638450
416150	16736200
693646	535927
6630	430360700
72541	258609800
209100	89707220
416150	16819010
693646	425425
6630	430704700
72541	259308400
209100	89685750
416150	16789310
693646	403355
6630	429920400
72541	259094300
209100	89770860
416150	16910960
693646	413055
6630	431265700
72541	258967800
209100	89795180
416150	16685100
693646	440954
6630	430418900
72541	259260500
209100	89671330
416150	16982730
693646	431787
6630	430152500
72541	259927700
209100	89645140
416150	16929860
693646	425522
6630	431247600
72541	259349300
209100	89774180
416150	16809130
693646	506252
6630	429833200
72541	259537300
209100	89902730
416150	17081490
693646	480042
6630	431349000
72541	259468000
209100	90018120
416150	16927200
693646	475681
6630	430480500
72541	259339200
209100	90044460
416150	16984700
693646	415969
6630	430331000
72541	259060900
209100	89978380
416150	16972900
693646	395092
6630	432048500
72541	259696800
209100	90285540
416150	17007800
693646	542565
6630	430746200
72541	259403200
209100	90251660
416150	16906790
693646	426800
6630	430265400
72541	259419200
209100	89834640
416150	16967530
693646	406156
6630	432169100
72541	259488400
209100	90013120
416150	17015900
693646	326277
6630	429863700
72541	258712400
209100	90245410
416150	16902870
693646	399005
6630	428837900
72541	258584600
209100	90213090
416150	16886250
693646	373779
6630	430129200
72541	258905800
209100	90008030
416150	16945120
693646	474950
6630	429501700
72541	258274800
209100	90290840
416150	16853890
693646	452971
6630	429488100
72541	259159400
209100	90139740
416150	16750120
693646	551136
6630	429564100
72541	259008800
209100	90076200
416150	16914680
693646	473426
6630	429850300
72541	258883800
209100	89908320
416150	16915180
693646	464942
6630	429501800
72541	258084100
209100	90110600
416150	16974150
693646	441448
6630	428986900
72541	258522000
209100	90090650
416150	17018310
693646	434240
6630	428876000
72541	258830400
209100	89906340
416150	16914710
693646	545246
6630	428892200
72541	258789600
209100	90073820
416150	17001270
693646	423665
6630	429803200
72541	258011700
209100	90244600
416150	16917480
693646	368140
6630	427986600
72541	258823600
209100	89824780
416150	16978640
693646	321538
6630	427713200
72541	258204300
209100	90110740
416150	16897260
693646	315928
6630	428561300
72541	258661100
209100	90209780
416150	16722750
693646	432676
6630	428823100
72541	258658300
209100	89969140
416150	16955620
693646	360231
6630	429127800
72541	259088500
209100	90213810
416150	16971240
693646	371155
6630	427869900
72541	259216400
209100	89663740
416150	16936170
693646	477964
6630	429228800
72541	259123100
209100	90160020
416150	16875880
693646	461456
6630	428941300
72541	258669800
209100	90237890
416150	16924520
693646	438456
6630	427865900
72541	258319800
209100	90185710
416150	16990430
693646	488605
6630	428672600
72541	259516000
209100	90116490
416150	16932170
693646	323350
6630	429893900
72541	258634800
209100	90081600
416150	17062810
693646	419535
6630	427853800
72541	259028500
209100	90078070
416150	16948390
693646	364925
6630	429170100
72541	259249900
209100	90341670
416150	16917640
693646	348949
6630	427151900
72541	259109200
209100	90406860
416150	16935160
693646	367423
6630	428900700
72541	258404300
209100	90303300
416150	17036490
693646	239399
6630	428152700
72541	259318000
209100	90295490
416150	17023280
693646	418703
6630	427417800
72541	258958800
209100	89764660
416150	16834810
693646	476729
6630	426732000
72541	259271900
209100	89986430
416150	16817580
693646	298969
6630	428378800
72541	258872600
209100	89772910
416150	16785920
693646	248880
6630	427610800
72541	257468500
209100	90152960
416150	16978290
693646	347908
6630	427910000
72541	257003900
209100	89944400
416150	16791930
693646	360492
6630	428505900
72541	257931800
209100	90153520
416150	16957410
693646	265716
6630	426724500
72541	257683500
209100	89758910
416150	16939200
693646	326528
6630	427870100
72541	258218600
209100	89919940
416150	16982800
693646	248791
6630	427384800
72541	258996100
209100	89828390
416150	16868990
693646	325957
6630	429956800
72541	258370900
209100	89981950
416150	16933770
693646	368955
6630	426232200
72541	259081100
209100	89725910
416150	16921130
693646	402787
6630	426923100
72541	258413100
209100	90150150
416150	16756990
693646	195893
6630	426351700
72541	258017900
209100	89816340
416150	16716800
693646	355697
6630	427775600
72541	257994400
209100	89714070
416150	16803360
693646	350258
6630	426801300
72541	258477600
209100	89977850
416150	16832060
693646	185002
6630	427851300
72541	258560500
209100	89864890
416150	16848670
693646	445526
6630	426983400
72541	258354100
209100	89821110
416150	16825100
693646	255099
6630	426938200
72541	258386200
209100	90001220
416150	16832830
693646	287056
6630	426423600
72541	257100000
209100	89442400
416150	16770480
693646	243271
6630	427391600
72541	259071200
209100	89871720
416150	16773140
693646	314905
6630	428050200
72541	258255100
209100	90289680
416150	16921720
693646	354215
6630	426610700
72541	257595400
209100	89902380
416150	16801360
693646	334068
6630	426359200
72541	258901400
209100	90248300
416150	16584560
693646	296263
6630	427793200
72541	257870600
209100	89852020
416150	16823860
693646	207014
6630	427691600
72541	257819200
209100	89897010
416150	16705870
693646	253768
6630	427245800
72541	258852400
209100	90193500
416150	16827100
693646	251016
6630	428227300
72541	257209700
209100	90200580
416150	16719320
693646	231658
6630	429033800
72541	258623500
209100	89359770
416150	16769820
693646	165830
6630	427566900
72541	257915300
209100	90129330
416150	16877640
693646	244769
6630	426846600
72541	258435900
209100	89640160
416150	16824250
693646	356667
6630	427169900
72541	258847300
209100	89979710
416150	16743950
693646	213864
6630	426671300
72541	258770600
209100	90059480
416150	16682140
693646	266270
6630	427220100
72541	257433500
209100	90200480
416150	16794700
693646	196015
6630	426372700
72541	258278800
209100	90153350
416150	16726030
693646	182224
6630	427065400
72541	258186000
209100	89818300
416150	16761290
693646	125285
6630	426200300
72541	258303200
209100	90061200
416150	16599830
693646	262440
6630	425435100
72541	258004500
209100	90123950
416150	16805190
693646	208833
6630	427379100
72541	257714900
209100	90201650
416150	16862670
693646	253834
6630	426290500
72541	257399700
209100	90002370
416150	16635680
693646	177822
6630	427087600
72541	258102200
209100	90106110
416150	16683060
693646	230623
6630	428384800
72541	258419800
209100	89824300
416150	16683720
693646	244842
6630	426760100
72541	257313600
209100	89935360
416150	16766310
693646	274272
6630	426506400
72541	257728400
209100	90213990
416150	16713740
693646	146757
6630	427211700
72541	257529500
209100	90143260
416150	17130810
693646	331351
6630	426742700
72541	257791500
209100	90516390
416150	16715910
693646	250847
6630	426571700
72541	256039700
209100	89715500
416150	16805720
693646	227251
6630	427513700
72541	257744400
209100	90198250
416150	16863080
693646	153654
6630	427559600
72541	257432000
209100	90129500
416150	16681870
693646	260998
6630	427902300
72541	258117100
209100	90459460
416150	16699490
693646	117297
6630	424725600
72541	258427600
209100	90222560
416150	16621500
693646	10288
6630	425608700
72541	257526200
209100	90047640
416150	16621120
693646	136540
6630	425709300
72541	257392200
209100	89775870
416150	16720360
693646	109609
6630	426796500
72541	257591300
209100	89940750
416150	16756280
693646	160957
6630	424660500
72541	258246400
209100	89817450
416150	16591630
693646	180792
6630	426473500
72541	257701000
209100	90163230
416150	16625310
693646	135951
6630	426981800
72541	257811600
209100	90048650
416150	16787070
693646	174928
6630	426216100
72541	256288100
209100	89714810
416150	16600360
693646	181851
6630	425828900
72541	257555200
209100	89517640
416150	16693170
693646	146584
6630	424758900
72541	257363500
209100	89808630
416150	16467090
693646	170759
6630	425915100
72541	257301800
209100	90022000
416150	16674540
693646	69893
6630	425901600
72541	258353500
209100	89983240
416150	16671130
693646	134767
6630	424194500
72541	257387000
209100	89584420
416150	16526090
693646	216237
6630	426927900
72541	257407200
209100	89599820
416150	16619710
693646	141099
6630	426641900
72541	257824400
209100	89431650
416150	16536460
693646	140058
6630	425862600
72541	257231900
209100	89697300
416150	16648750
693646	164942
6630	426461200
72541	257913800
209100	89822590
416150	16613620
693646	184428
6630	423526500
72541	257596400
209100	89703020
416150	16742290
693646	9223
6630	425419900
72541	257339000
209100	90099660
416150	16613490
693646	92569
6630	425781500
72541	258314100
209100	90213070
416150	16737040
693646	132685
6630	426608100
72541	257137500
209100	89823930
416150	16512890
693646	73413
6630	425154800
72541	257427600
209100	89515120
416150	16652170
693646	200301
6630	425083100
72541	257383100
209100	89823550
416150	16494130
693646	125008
6630	427902900
72541	257831200
209100	89704080
416150	16607380
693646	71283
6630	425476200
72541	256075800
209100	89642840
416150	16696490
693646	40352
6630	425749900
72541	257890300
209100	90007450
416150	16645410
693646	126589
6630	425558800
72541	257581100
209100	89599740
416150	16603400
693646	123976
6630	425489600
72541	256835300
209100	89642300
416150	16644400
693646	59248
6630	426162600
72541	257822300
209100	89710740
416150	16581280
693646	123084
6630	425767300
72541	257477700
209100	89597340
416150	16524550
693646	29625
6630	425913100
72541	256488000
209100	89606310
416150	16602890
693646	36340
6630	424458100
72541	257498000
209100	89962370
416150	16572060
693646	43544
6630	426345200
72541	257140900
209100	89608330
416150	16576960
693646	2678
6630	425058400
72541	257662600
209100	89692940
416150	16453770
693646	6398
6630	425345500
72541	256189500
209100	89236690
416150	16507650
693646	31729
6630	421527200
72541	254909900
209100	88779270
416150	16356830
693646	186298
6630	420460400
72541	254345700
209100	88140140
416150	16150600
693646	147184
6630	418307600
72541	252956200
209100	87806780
416150	16223330
693646	28034
6630	414656400
72541	251333900
209100	87327460
416150	16143700
693646	192939
6630	413280700
72541	249599900
209100	87276730
416150	16053710
693646	47673
6630	412410500
72541	248856400
209100	86810950
416150	15891930
693646	51181
6630	410974100
72541	248006300
209100	85862710
416150	15897220
693646	159624
6630	409131900
72541	245988600
209100	85734180
416150	15688280
693646	119010
6630	405377300
72541	245853200
209100	85900020
416150	15681840
693646	15063
6630	406601900
72541	245087800
209100	85433060
416150	15690400
693646	124438
6630	405338000
72541	244937900
209100	84993890
416150	15687890
693646	35793
6630	404899300
72541	245046000
209100	85098740
416150	15558140
693646	100641
6630	404515200
72541	243353100
209100	84460320
416150	15527310
693646	84031
6630	401217700
72541	243089300
209100	84125730
416150	15363340
693646	45566
6630	401851600
72541	242639600
209100	84020090
416150	15418380
693646	145813
6630	402164200
72541	242569200
209100	83853180
416150	15515720
693646	236293
6630	402362200
72541	242007200
209100	83987240
416150	15316340
693646	180497
6630	399323400
72541	241092100
209100	83219730
416150	15380170
693646	223094
6630	400885900
72541	240736400
209100	82746960
416150	15314630
693646	353102
6630	399808800
72541	240883000
209100	83021860
416150	15323720
693646	222530
6630	400832000
72541	239899500
209100	82268120
416150	15233160
693646	272763
6630	399292900
72541	239262300
209100	82280960
416150	15061120
693646	137074
6630	399147700
72541	239423800
209100	82251820
416150	15034070
693646	154748
6630	398789300
72541	238641400
209100	81697540
416150	14905510
693646	307933
6630	396823900
72541	238132900
209100	81514500
416150	14912910
693646	379263
6630	397476500
72541	238261200
209100	81476060
416150	14900800
693646	209668
6630	397302500
72541	237923200
209100	81571440
416150	14806140
693646	351075
6630	396996200
72541	237193200
209100	81021650
416150	14864650
693646	442361
6630	397144400
72541	236805400
209100	80900100
416150	14736900
693646	433780
6630	398330300
72541	237537800
209100	80798420
416150	14949440
693646	535004
6630	396159200
72541	236319700
209100	80686140
416150	14805700
693646	585424
6630	396842300
72541	237471000
209100	80515770
416150	14768160
693646	456143
6630	397083200
72541	236824300
209100	80537260
416150	15046060
693646	758849
6630	399907100
72541	238787800
209100	81430140
416150	15182060
693646	764690
6630	405084800
72541	242299800
209100	82208660
416150	15230150
693646	785104
6630	410112600
72541	244188300
209100	82731410
416150	15598980
693646	872843
6630	415027300
72541	247190500
209100	83954350
416150	15650520
693646	988807
6630	418886200
72541	249595500
209100	84356530
416150	15798410
693646	1045378
6630	421746000
72541	251562700
209100	85346940
416150	16030120
693646	1172752
6630	427443400
72541	254010300
209100	86323360
416150	16281580
693646	1248962
6630	430533400
72541	255621400
209100	86648200
416150	16407430
693646	1280204
6630	433784100
72541	257447300
209100	87236080
416150	16421970
693646	1233947
6630	434732500
72541	257781700
209100	86989290
416150	16523520
693646	1261880
6630	435968500
72541	257417600
209100	87559940
416150	16514850
693646	1266915
6630	436873300
72541	258209700
209100	87838590
416150	16631940
693646	1260178
6630	437158800
72541	259450000
209100	87905020
416150	16745220
693646	1346658
6630	437626600
72541	259993900
209100	87949940
416150	16575730
693646	1198800
6630	437959700
72541	259943500
209100	88280900
416150	16523980
693646	1332254
6630	439132500
72541	260691300
209100	88071460
416150	16634220
693646	1131948
6630	441788200
72541	260766900
209100	88023450
416150	16824630
693646	1176188
6630	440446600
72541	261254700
209100	88022300
416150	16503230
693646	1186718
6630	440809400
72541	259759000
209100	87866650
416150	16587320
693646	1110288
6630	440201800
72541	260824900
209100	88607540
416150	16438770
693646	1120742
6630	439986200
72541	261091800
209100	88299080
416150	16548550
693646	1096780
6630	439628000
72541	260012800
209100	88234210
416150	16313670
693646	1118911
6630	439001200
72541	260748000
209100	88214960
416150	16475720
693646	981623
6630	438594500
72541	261395900
209100	88059600
416150	16350930
693646	868344
6630	439397900
72541	260215600
209100	88280780
416150	16312720
693646	899188
6630	440514300
72541	260890100
209100	88807230
416150	16450940
693646	935875
6630	439434900
72541	261398900
209100	88257340
416150	16574180
693646	739075
6630	439494300
72541	260947600
209100	88522950
416150	16404830
693646	912852
6630	438452100
72541	261748800
209100	88749470
416150	16462100
693646	895189
6630	439404100
72541	260752400
209100	88486140
416150	16473360
693646	864572
6630	438276600
72541	260588600
209100	88618750
416150	16335500
693646	933911
6630	436846800
72541	261647900
209100	88724670
416150	16541320
693646	862121
6630	436206000
72541	260204000
209100	88622700
416150	16351580
693646	941489
6630	438148500
72541	261624100
209100	88699660
416150	16514170
693646	860103
6630	438507500
72541	261414000
209100	89112580
416150	16644070
693646	894927
6630	436901900
72541	261650000
209100	88827940
416150	16686610
693646	708665
6630	437417100
72541	261598300
209100	88949840
416150	16618180
693646	833440
6630	438602000
72541	260714900
209100	88853830
416150	16641000
693646	810700
6630	434398900
72541	261650000
209100	88874500
416150	16586300
693646	899041
6630	437455900
72541	261330300
209100	89000760
416150	16616950
693646	768376
6630	437220000
72541	261582700
209100	89191350
416150	16724230
693646	920530
6630	437433700
72541	261531800
209100	89463060
416150	16712310
693646	619129
6630	437804300
72541	261345100
209100	89557430
416150	16802990
693646	787264
6630	435856000
72541	261400900
209100	89260190
416150	16593140
693646	692920
6630	435616500
72541	261501500
209100	89321250
416150	16581240
693646	676930
6630	436957100
72541	260803800
209100	89256230
416150	16592710
693646	679567
6630	437288300
72541	260694300
209100	89358700
416150	16700920
693646	638596
6630	435563200
72541	261464000
209100	89382130
416150	16589260
693646	569421
6630	436436400
72541	261286600
209100	89486050
416150	16560180
693646	528595
6630	436958300
72541	260227800
209100	89370760
416150	16496730
693646	622966
6630	435613600
72541	260464200
209100	89312980
416150	16479010
693646	471268
6630	433998900
72541	260407700
209100	89196220
416150	16429410
693646	536959
6630	435640800
72541	260908200
209100	89069070
416150	16491530
693646	353875
6630	436451300
72541	259941200
209100	89266740
416150	16371540
693646	430076
6630	435694800
72541	260818000
209100	89341980
416150	16439470
693646	263234
6630	435572900
72541	260813200
209100	89262130
416150	16281510
693646	285767
6630	436009300
72541	260701400
209100	89734560
416150	16385610
693646	414296
6630	434808800
72541	260498300
209100	89318550
416150	16390390
693646	405918
6630	434223200
72541	260311600
209100	89423040
416150	16318340
693646	317806
6630	434190100
72541	260418100
209100	89193820
416150	16449820
693646	328611
6630	434221500
72541	259925400
209100	89365080
416150	16445910
693646	336913
6630	434418800
72541	260055600
209100	89513290
416150	16473310
693646	214244
6630	434712900
72541	261058000
209100	89711700
416150	16572520
693646	354911
6630	434824200
72541	260724800
209100	89789700
416150	16646620
693646	304722
6630	434311700
72541	260341600
209100	89479310
416150	16396020
693646	250508
6630	431633400
72541	258890700
209100	88914600
416150	16239740
693646	207415
6630	428530000
72541	257019400
209100	88291250
416150	16004300
693646	194270
6630	426494400
72541	255415000
209100	87804210
416150	15935010
693646	42722
6630	423530000
72541	254030700
209100	87275780
416150	15787650
693646	31490
6630	421400400
72541	252553200
209100	86798470
416150	15703350
693646	59188
6630	418513000
72541	251107300
209100	86265140
416150	15560580
693646	57604
6630	415781800
72541	250273000
209100	85747920
416150	15602930
693646	26581
6630	414186000
72541	248276500
209100	85421660
416150	15425780
693646	16553
6630	412272200
72541	246847500
209100	84913660
416150	15393560
693646	3631
6630	410676300
72541	246524100
209100	84513320
416150	15231450
693646	64986
6630	408750300
72541	245485200
209100	84166530
416150	15129210
693646	41471
6630	408070900
72541	244733200
209100	83757040
416150	15083110
693646	57558
6630	406505600
72541	243737800
209100	83602820
416150	15107860
693646	2880
6630	404987400
72541	242969000
209100	83298400
416150	15056040
693646	50359
6630	404700200
72541	242582200
209100	83176860
416150	15058400
693646	157293
6630	403985200
72541	242083000
209100	83263680
416150	15108640
693646	224528
6630	403999500
72541	241635900
209100	82827530
416150	15109460
693646	227714
6630	403424300
72541	240959200
209100	82597230
416150	15044280
693646	336534
6630	402014100
72541	241342500
209100	82374940
416150	15019550
693646	385404
6630	401873300
72541	240523200
209100	82201790
416150	15068730
693646	398684
6630	402463200
72541	240498600
209100	82450840
416150	15095460
693646	384224
6630	402082800
72541	240016300
209100	81920350
416150	15075910
693646	470716
6630	400465400
72541	239178300
209100	81723010
416150	15012220
693646	511048
6630	400879400
72541	239255400
209100	81721600
416150	15137850
693646	535358
6630	400805200
72541	239154400
209100	81805760
416150	15106110
693646	657992
6630	400366000
72541	238904500
209100	81435050
416150	15148430
693646	690057
6630	399509900
72541	238231500
209100	81286730
416150	15081040
693646	653667
6630	399852600
72541	238369400
209100	81227810
416150	15126680
693646	781250
6630	398877400
72541	237561900
209100	80741200
416150	14963020
693646	772601
6630	397999900
72541	236854300
209100	80570640
416150	14898210
693646	700418
6630	399973300
72541	238506600
209100	81235980
416150	15235450
693646	897579
6630	404279200
72541	241187600
209100	81852340
416150	15239110
693646	950736
6630	408351400
72541	243725400
209100	82547580
416150	15481270
693646	1010039
6630	414402100
72541	245928200
209100	83724300
416150	15932430
693646	1052164
6630	417380100
72541	248569200
209100	84468280
416150	15954500
693646	1259828
6630	422173800
72541	250452800
209100	85341860
416150	16129260
693646	1190595
6630	426354500
72541	253626900
209100	86041790
416150	16364260
693646	1391358
6630	429858300
72541	255731600
209100	86655790
416150	16573950
693646	1436202
6630	431900300
72541	256724100
209100	87053200
416150	16758090
693646	1284803
6630	434845400
72541	258277700
209100	87196660
416150	16782330
693646	1437063
6630	436592300
72541	258842300
209100	87482750
416150	16722350
693646	1372110
6630	435732800
72541	259266100
209100	87560930
416150	16762950
693646	1345367
6630	438301300
72541	259317100
209100	87687700
416150	16827540
693646	1306346
6630	437795200
72541	259132300
209100	88233580
416150	16840540
693646	1425765
6630	441936000
72541	260645200
209100	88307380
416150	16672810
693646	1378980
6630	440240400
72541	260477400
209100	88134400
416150	16833150
693646	1299470
6630	440437100
72541	260951800
209100	88365200
416150	16833880
693646	1408851
6630	441808000
72541	261380500
209100	88469660
416150	16736110
693646	1301939
6630	443443400
72541	261539400
209100	88668750
416150	16661980
693646	1191457
6630	441447200
72541	261088200
209100	88209620
416150	16633740
693646	1239679
6630	441425300
72541	261281800
209100	88798610
416150	16495430
693646	1206488
6630	439942900
72541	261689600
209100	88507920
416150	16702560
693646	1070155
6630	440792300
72541	261726300
209100	88376560
416150	16482500
693646	1176315
6630	440056900
72541	261326100
209100	88145570
416150	16616770
693646	1157860
6630	440245900
72541	260678200
209100	88146260
416150	16481190
693646	1007686
6630	439594500
72541	261118400
209100	88511850
416150	16408090
693646	1005910
6630	439199000
72541	261153000
209100	88405110
416150	16496920
693646	873694
6630	438494800
72541	261364500
209100	88484060
416150	16411300
693646	991677
6630	441460600
72541	260503100
209100	88890070
416150	16532700
693646	1003190
6630	439874100
72541	260789600
209100	88399700
416150	16422450
693646	973650
6630	439970400
72541	260787200
209100	88478930
416150	16354730
693646	929417
6630	437969400
72541	260761100
209100	88463460
416150	16438390
693646	791870
6630	439199800
72541	260804500
209100	88617620
416150	16517760
693646	858870
6630	437183300
72541	260337100
209100	88726000
416150	16430890
693646	917785
6630	438890700
72541	261118200
209100	88768000
416150	16543620
693646	831380
6630	438612600
72541	261060800
209100	89050500
416150	16392050
693646	904573
6630	439018900
72541	262125100
209100	88852130
416150	16499060
693646	861825
6630	437890000
72541	261180400
209100	88733970
416150	16542670
693646	798542
6630	437403900
72541	262798500
209100	88564990
416150	16440380
693646	843282
6630	436317600
72541	260196700
209100	88429300
416150	16680270
693646	761066
6630	436651500
72541	260181900
209100	88858860
416150	16653070
693646	672160
6630	437270700
72541	260932500
209100	88933920
416150	16638350
693646	847148
6630	436699200
72541	260294000
209100	89004590
416150	16685420
693646	757437
6630	437559200
72541	259253900
209100	89213690
416150	16546080
693646	812232
6630	438200400
72541	260101000
209100	88963690
416150	16679980
693646	710371
6630	437432800
72541	259851600
209100	88879540
416150	16521950
693646	686616
6630	435432200
72541	260870600
209100	88803340
416150	16681920
693646	703933
6630	434672500
72541	259042600
209100	88408390
416150	16598540
693646	759282
6630	437649500
72541	260057400
209100	89027540
416150	16582250
693646	564025
6630	435237700
72541	260048100
209100	88889890
416150	16649480
693646	715920
6630	433104700
72541	260114800
209100	89057520
416150	16494400
693646	628864
6630	436252700
72541	259494300
209100	89042480
416150	16459110
693646	701067
6630	436096600
72541	258428800
209100	89021000
416150	16368440
693646	665536
6630	433502500
72541	259581000
209100	89000960
416150	16527290
693646	610723
6630	434136600
72541	259054800
209100	88954450
416150	16463420
693646	529701
6630	434364700
72541	259619500
209100	88925080
416150	16548730
693646	478670
6630	434222000
72541	259960400
209100	89161060
416150	16413600
693646	449191
6630	433210600
72541	259137300
209100	88900850
416150	16386130
693646	536192
6630	433988700
72541	259551600
209100	89225190
416150	16484940
693646	449386
6630	434234100
72541	259770400
209100	89017940
416150	16502020
693646	452065
6630	434475500
72541	259660400
209100	88926900
416150	16518520
693646	344969
6630	434648400
72541	259586800
209100	89400980
416150	16438910
693646	455237
6630	433833100
72541	259603700
209100	89097150
416150	16465110
693646	503342
6630	433649900
72541	260092000
209100	89124060
416150	16282160
693646	430812
6630	434438300
72541	259044900
209100	88600080
416150	16487600
693646	433664
6630	432692000
72541	258441100
209100	88576470
416150	16383470
693646	450321
6630	432714200
72541	259418400
209100	89034760
416150	16358070
693646	428724
6630	432488600
72541	259781300
209100	88989200
416150	16492630
693646	320562
6630	432718100
72541	260160800
209100	89101560
416150	16443060
693646	270146
6630	433394900
72541	259630700
209100	89007180
416150	16398490
693646	263738
6630	432415100
72541	260002800
209100	89240480
416150	16505930
693646	366603
6630	432048900
72541	258931900
209100	89169680
416150	16332040
693646	327917
6630	432849100
72541	260173300
209100	89217780
416150	16521100
693646	366551
6630	431675900
72541	259669400
209100	88996750
416150	16458890
693646	384653
6630	431324100
72541	259012200
209100	88971700
416150	16301190
693646	302886
6630	432668700
72541	258416200
209100	89178940
416150	16517960
693646	190271
6630	430598900
72541	258812400
209100	89033020
416150	16483120
693646	315317
6630	431608800
72541	258714000
209100	89107730
416150	16426810
693646	291709
6630	431288500
72541	258295100
209100	89303950
416150	16523020
693646	322429
6630	431604400
72541	258734000
209100	89212020
416150	16504870
693646	348331
6630	431728000
72541	258928100
209100	88969200
416150	16421720
693646	332825
6630	428944800
72541	259143100
209100	89305540
416150	16533580
693646	312397
6630	429627600
72541	258960400
209100	89514590
416150	16430990
693646	317898
6630	431254000
72541	258427800
209100	89584670
416150	16473880
693646	247670
6630	430300100
72541	259198600
209100	89045710
416150	16520430
693646	281630
6630	430291800
72541	259124900
209100	89044090
416150	16606720
693646	439460
6630	431087300
72541	258800600
209100	89380950
416150	16492470
693646	351808
6630	430536500
72541	259927000
209100	89863390
416150	16482120
693646	271463
6630	432133000
72541	258612900
209100	89454000
416150	16628940
693646	416258
6630	430600700
72541	258750000
209100	89365980
416150	16666820
693646	368072
6630	430366700
72541	258352600
209100	89244700
416150	16679170
693646	462903
6630	429917800
72541	258228100
209100	89123810
416150	16766780
693646	374915
6630	430574100
72541	258897200
209100	89386900
416150	16609040
693646	349028
6630	428963800
72541	258905900
209100	89477440
416150	16606350
693646	256703
6630	429388500
72541	258267100
209100	89319660
416150	16630750
693646	331967
6630	429889700
72541	258519800
209100	89442760
416150	16619300
693646	363166
6630	428828900
72541	258906100
209100	89655480
416150	16739860
693646	470734
6630	429109800
72541	258636900
209100	89396660
416150	16686480
693646	394163
6630	430049800
72541	257397200
209100	89728390
416150	16639280
693646	329663
6630	429320100
72541	258507900
209100	89453590
416150	16687360
693646	417522
6630	428527100
72541	257915500
209100	89764430
416150	16792750
693646	447961
6630	428429000
72541	258501300
209100	89288120
416150	16668960
693646	341744
6630	429507400
72541	258441600
209100	89587270
416150	16733790
693646	339219
6630	427670500
72541	258428000
209100	89716850
416150	16771110
693646	386037
6630	430184400
72541	258790400
209100	89449830
416150	16650310
693646	455067
6630	428346600
72541	258345700
209100	89635750
416150	16776260
693646	436898
6630	429746000
72541	258275800
209100	89602470
416150	16768540
693646	318872
6630	430493200
72541	258488900
209100	89602090
416150	16757560
693646	405406
6630	430109200
72541	257917800
209100	89498030
416150	16787700
693646	425361
6630	428651200
72541	259651900
209100	89709510
416150	16724890
693646	395382
6630	428918100
72541	259727000
209100	89650060
416150	16850240
693646	453593
6630	429364200
72541	258911400
209100	89625050
416150	16781580
693646	283353
6630	428805200
72541	258544100
209100	89833240
416150	16775860
693646	394384
6630	430049800
72541	258633000
209100	90000900
416150	16799460
693646	357016
6630	423988500
72541	259098800
209100	90102760
416150	16808310
693646	393164
6630	429074800
72541	258956800
209100	89787700
416150	16750500
693646	354260
6630	429505600
72541	259184400
209100	89871690
416150	16852400
693646	387620
6630	429858600
72541	258946600
209100	89710940
416150	16760440
693646	390298
6630	428522500
72541	258449900
209100	89940040
416150	16765350
693646	454090
6630	429579700
72541	258882600
209100	89394110
416150	16789570
693646	426632
6630	426683100
72541	258449700
209100	90004570
416150	16847680
693646	420771
6630	427486200
72541	258457300
209100	89676140
416150	16758460
693646	476724
6630	431408200
72541	258769800
209100	89669750
416150	16776480
693646	298241
6630	428805200
72541	259243600
209100	89867950
416150	16725840
693646	429355
6630	428528200
72541	258870800
209100	89562860
416150	16728330
693646	412890
6630	428533100
72541	258910400
209100	89880920
416150	16774070
693646	365752
6630	427440500
72541	259053700
209100	89851770
416150	16654460
693646	353212
6630	428694300
72541	258222600
209100	89557470
416150	16811660
693646	494422
6630	429389200
72541	258029000
209100	89560150
416150	16783830
693646	366828
6630	429035500
72541	258106300
209100	89823180
416150	16792950
693646	399283
6630	428872300
72541	258343400
209100	89744010
416150	16782150
693646	343148
6630	428248300
72541	258534000
209100	89499130
416150	16761590
693646	337785
6630	427527200
72541	258916900
209100	89662510
416150	16756640
693646	411023
6630	428826700
72541	258361400
209100	89558400
416150	16843580
693646	407384
6630	428454000
72541	258323600
209100	89736720
416150	16670620
693646	410847
6630	426394300
72541	258639800
209100	89968120
416150	16778660
693646	293593
6630	429470800
72541	259382400
209100	89747550
416150	16761670
693646	346311
6630	428506600
72541	258646600
209100	89919770
416150	16829850
693646	358080
6630	429052200
72541	257746800
209100	89796100
416150	16767150
693646	325312
6630	426960400
72541	258801900
209100	89654120
416150	16660680
693646	456357
6630	428039400
72541	257767300
209100	89678550
416150	16908040
693646	433543
6630	428011600
72541	257759600
209100	89676340
416150	16804300
693646	372926
6630	428869500
72541	257758800
209100	90002230
416150	16818710
693646	391432
6630	428293500
72541	258524900
209100	89964080
416150	16894880
693646	330748
6630	427868400
72541	258028400
209100	89657620
416150	16768430
693646	495491
6630	428676000
72541	257830600
209100	89792600
416150	16831680
693646	335013
6630	428706100
72541	258497200
209100	89663010
416150	16807610
693646	452254
6630	427425900
72541	258191400
209100	89915530
416150	16716000
693646	359484
6630	428112300
72541	258263300
209100	89903420
416150	16840190
693646	295435
6630	428702500
72541	258763600
209100	89810550
416150	16852120
693646	350115
6630	427860400
72541	258269100
209100	89628460
416150	16783680
693646	413534
6630	427403600
72541	257395200
209100	89583010
416150	16957510
693646	352745
6630	428412900
72541	259027900
209100	89781000
416150	16786340
693646	347936
6630	427577700
72541	258217800
209100	89571940
416150	16796230
693646	384552
6630	427638900
72541	258922500
209100	90007160
416150	16906230
693646	427597
6630	427781400
72541	258726900
209100	89477700
416150	16581640
693646	364963
6630	429429600
72541	257845600
209100	89794270
416150	16742600
693646	331013
6630	428350300
72541	257824200
209100	89767690
416150	16747290
693646	405753
6630	427749100
72541	257767500
209100	89939450
416150	16756290
693646	279141
6630	429379600
72541	258331400
209100	89942360
416150	16845820
693646	365197
6630	427929500
72541	258301100
209100	89772940
416150	16811510
693646	315516
6630	428432800
72541	259117900
209100	90090980
416150	16837310
693646	315445
6630	426728500
72541	257770400
209100	89723450
416150	16932930
693646	276792
6630	430042100
72541	258263900
209100	89663300
416150	16808830
693646	466122
6630	427990000
72541	258356100
209100	89627170
416150	16701970
693646	343602
6630	428052500
72541	258299700
209100	89762950
416150	16907880
693646	378584
6630	429217500
72541	258822000
209100	89849690
416150	16865400
693646	371722
6630	428465000
72541	258603100
209100	89888070
416150	16866870
693646	296826
6630	428291500
72541	258897200
209100	90155560
416150	16904410
693646	274957
6630	427619400
72541	259521200
209100	90041530
416150	16776290
693646	468737
6630	428636700
72541	258348500
209100	89845340
416150	16885810
693646	336193
6630	427946800
72541	259070400
209100	90011580
416150	16922190
693646	299780
6630	427798500
72541	258655800
209100	90101150
416150	16836220
693646	378155
6630	427076400
72541	258278600
209100	90098850
416150	16818800
693646	236162
6630	427569400
72541	258725900
209100	89694000
416150	16843710
693646	433413
6630	426648100
72541	257631100
209100	90060540
416150	16869280
693646	285593
6630	427006600
72541	258370400
209100	90064230
416150	16860620
693646	330895
6630	428617800
72541	257938500
209100	89674140
416150	16991000
693646	363254
6630	428443900
72541	258578600
209100	89982770
416150	16855430
693646	442396
6630	427656100
72541	258666700
209100	89829730
416150	16957280
693646	344139
6630	430410500
72541	258003700
209100	90196660
416150	16819750
693646	341294
6630	428393200
72541	258182100
209100	89905180
416150	16765810
693646	305797
6630	427444400
72541	257893200
209100	90082430
416150	16779470
693646	298541
6630	428369000
72541	258295200
209100	90005790
416150	16802370
693646	313257
6630	426986900
72541	258510000
209100	89836700
416150	16699060
693646	404146
6630	428973100
72541	258843200
209100	90163600
416150	16813440
693646	419525
6630	428326400
72541	258580900
209100	90028980
416150	16695620
693646	443337
6630	430160000
72541	258082000
209100	89805340
416150	16797510
693646	321261
6630	428205600
72541	258649700
209100	89516380
416150	16865990
693646	395757
6630	428318700
72541	257812300
209100	89571780
416150	16830770
693646	377184
6630	429062800
72541	258094700
209100	89944710
416150	16754200
693646	233516
6630	429729300
72541	258448500
209100	89605840
416150	16912520
693646	417288
6630	427455900
72541	257888800
209100	89865680
416150	16834290
693646	352521
6630	429655100
72541	258226300
209100	90060620
416150	16852420
693646	395770
6630	429149800
72541	257684000
209100	90044990
416150	16855130
693646	369928
6630	429256500
72541	258188900
209100	90234770
416150	16834300
693646	289505
6630	429459600
72541	259188500
209100	90136910
416150	16719440
693646	393422
6630	426256700
72541	258019300
209100	89449960
416150	16821810
693646	384609
6630	427787000
72541	258078700
209100	89779230
416150	16892800
693646	400520
6630	427793800
72541	258456400
209100	89851710
416150	16774170
693646	350703
6630	428761300
72541	258037100
209100	90297410
416150	17021220
693646	318986
6630	427702200
72541	258006400
209100	89960870
416150	16880820
693646	446414
6630	428518100
72541	258451200
209100	90289300
416150	16835820
693646	337036
6630	426166300
72541	257097700
209100	89723650
416150	16945880
693646	385987
6630	427519300
72541	258792700
209100	89525830
416150	16839230
693646	410830
6630	427565900
72541	258617000
209100	90084460
416150	16848400
693646	349904
6630	426423900
72541	258171400
209100	90100260
416150	16778640
693646	406150
6630	427690500
72541	258510500
209100	89582920
416150	16834490
693646	310668
6630	426930000
72541	259267500
209100	89691450
416150	16903210
693646	302440
6630	428444300
72541	258019900
209100	90146180
416150	16924500
693646	300514
6630	428514800
72541	259563100
209100	89216240
416150	16803650
693646	374153
6630	426667800
72541	258057500
209100	89671400
416150	16890840
693646	430626
6630	427731700
72541	257497600
209100	89923530
416150	16793400
693646	424453
6630	428717000
72541	258447600
209100	89849260
416150	16784250
693646	349167
6630	427762400
72541	258781800
209100	89986970
416150	16821730
693646	414892
6630	426446000
72541	258866600
209100	89736050
416150	16866640
693646	396752
6630	427840000
72541	257970600
209100	90041770
416150	16821500
693646	356319
6630	428138300
72541	258145200
209100	89940200
416150	16956430
693646	300653
6630	426625800
72541	258332800
209100	90306240
416150	16884690
693646	306516
6630	427341600
72541	257688200
209100	90071460
416150	16915320
693646	358560
6630	429588100
72541	257660500
209100	89868560
416150	16877880
693646	297370
6630	426878500
72541	259286800
209100	90163080
416150	16773520
693646	413470
6630	429408400
72541	258522200
209100	90103670
416150	16686440
693646	345823
6630	427537300
72541	258065900
209100	90436130
416150	16880070
693646	373060
6630	427701900
72541	258921700
209100	89847950
416150	16735830
693646	391279
6630	427507000
72541	258668000
209100	89810930
416150	16818850
693646	371803
6630	428647700
72541	258901400
209100	90246300
416150	16888640
693646	301274
6630	428832100
72541	258693200
209100	89920920
416150	16782370
693646	318453
6630	428355000
72541	258748800
209100	90193860
416150	16904110
693646	369703
6630	428819100
72541	258441100
209100	89974170
416150	16809130
693646	362598
6630	428092400
72541	258958700
209100	89495830
416150	16942780
693646	406836
6630	427335500
72541	257277200
209100	89960960
416150	16932160
693646	388562
6630	427849200
72541	257453500
209100	89947900
416150	16819690
693646	346837
6630	428963300
72541	259089900
209100	90035510
416150	16853710
693646	289099
6630	428223500
72541	258582600
209100	90026100
416150	16828230
693646	248326
6630	427824800
72541	257999700
209100	89956870
416150	16886760
693646	304040
6630	427009300
72541	258434900
209100	89944050
416150	16956850
693646	312375
6630	426773300
72541	258586200
209100	90029850
416150	16718830
693646	411239
6630	428570200
72541	258649300
209100	89864210
416150	16834020
693646	235378
6630	427199500
72541	257999600
209100	90260760
416150	16786490
693646	297808
6630	429590800
72541	258210800
209100	89851820
416150	16714470
693646	329929
6630	428899300
72541	258929400
209100	90158640
416150	16814000
693646	367279
6630	430754700
72541	259141500
209100	90085030
416150	16902410
693646	371646
6630	426114800
72541	259042000
209100	90034420
416150	16806210
693646	273499
6630	428889300
72541	258645700
209100	89637850
416150	16669990
693646	366380
6630	428089000
72541	257873100
209100	89987830
416150	16935830
693646	294601
6630	428595100
72541	258998700
209100	89891680
416150	16888370
693646	438855
6630	430271300
72541	258484500
209100	90059840
416150	16850960
693646	311867
6630	428148600
72541	259089200
209100	90012940
416150	16754610
693646	264521
6630	429169800
72541	257995900
209100	89742910
416150	16901950
693646	370277
6630	427759600
72541	258865600
209100	90068820
416150	16825560
693646	305429
6630	428351100
72541	258563600
209100	90298160
416150	16780510
693646	344681
6630	427730500
72541	258604300
209100	90231600
416150	16801500
693646	224149
6630	429058200
72541	258975700
209100	89764820
416150	16889710
693646	391550
6630	429467200
72541	258966500
209100	90311220
416150	16861790
693646	243243
6630	429310800
72541	259583900
209100	90313380
416150	16799750
693646	256244
6630	427863500
72541	259029300
209100	90044100
416150	16859760
693646	352112
6630	428794400
72541	259813800
209100	89726520
416150	16873720
693646	368421
6630	429867000
72541	258923200
209100	90222940
416150	16764110
693646	273037
6630	429687200
72541	258836100
209100	90169380
416150	16930040
693646	292979
6630	429831800
72541	258998200
209100	90163710
416150	16863920
693646	284945
6630	429403300
72541	259708900
209100	90232660
416150	16754100
693646	303337
6630	429544200
72541	258729700
209100	90307530
416150	16750590
693646	327636
6630	429377200
72541	259014400
209100	90058620
416150	16878590
693646	279958
6630	430725600
72541	258983300
209100	90437800
416150	16824880
693646	400732
6630	429151900
72541	258348900
209100	90127100
416150	16913130
693646	322967
6630	428726600
72541	259455200
209100	90297980
416150	16816550
693646	266795
6630	429516600
72541	259006500
209100	90092820
416150	16727390
693646	238387
6630	429295400
72541	258772200
209100	89950800
416150	16739760
693646	358234
6630	428526300
72541	258958400
209100	90034730
416150	16708760
693646	208479
6630	428479200
72541	259624100
209100	89928370
416150	16853380
693646	252547
6630	428223600
72541	258482200
209100	90233540
416150	16827090
693646	200829
6630	428276400
72541	259364200
209100	90035740
416150	16736170
693646	276625
6630	428730400
72541	259677900
209100	90321180
416150	16839790
693646	148079
6630	429298500
72541	258750000
209100	90156530
416150	16793170
693646	137959
6630	428683100
72541	258844200
209100	89860520
416150	16712070
693646	157539
6630	428946100
72541	258658700
209100	90341770
416150	16770610
693646	149924
6630	429134300
72541	258596700
209100	90164160
416150	16889100
693646	142039
6630	428882300
72541	259207600
209100	90194260
416150	16685290
693646	194754
6630	428957900
72541	258655900
209100	90302750
416150	16664300
693646	178558
6630	428224900
72541	258435100
209100	89911900
416150	16694560
693646	155892
6630	428495800
72541	258832300
209100	90238220
416150	16627140
693646	56433
6630	429302600
72541	258555100
209100	90235650
416150	16807060
693646	169090
6630	429061500
72541	258581700
209100	90172650
416150	16565900
693646	102142
6630	428783700
72541	259177900
209100	90335900
416150	16547690
693646	173789
6630	430234200
72541	257527700
209100	90192240
416150	16713580
693646	104668
6630	427825900
72541	259067500
209100	90037050
416150	16779360
693646	102072
6630	427189600
72541	258644100
209100	90324980
416150	16682700
693646	148827
6630	430127600
72541	258982900
209100	90231450
416150	16606660
693646	54492
6630	427338100
72541	259171000
209100	90154540
416150	16740610
693646	93020
6630	428365700
72541	258139700
209100	90082720
416150	16595950
693646	156641
6630	429119900
72541	259148900
209100	90199560
416150	16751080
693646	29068
6630	428606700
72541	257574100
209100	90018030
416150	16538190
693646	25384
6630	430000600
72541	258263200
209100	90129510
416150	16712860
693646	75295
6630	427656800
72541	258263600
209100	89761340
416150	16512450
693646	31007
6630	426349200
72541	256783400
209100	89723920
416150	16557720
693646	29012
6630	425161100
72541	256317500
209100	89380800
416150	16431990
693646	44202
6630	423524700
72541	254720000
209100	88962050
416150	16292260
693646	27409
6630	420686100
72541	254105100
209100	88247870
416150	16205000
693646	18414
6630	418780300
72541	252773700
209100	88049750
416150	15956710
693646	94738
6630	415882300
72541	251850400
209100	87388420
416150	16097410
693646	5424
6630	414088400
72541	250141900
209100	87229430
416150	16108420
693646	41002
6630	414020200
72541	251053400
209100	86856310
416150	16060390
693646	73671
6630	412140100
72541	249412300
209100	86257480
416150	16001570
693646	135497
6630	411073100
72541	248363700
209100	86173140
416150	16040280
693646	159543
6630	408902900
72541	245172100
209100	85703460
416150	15938000
693646	119441
6630	407526300
72541	246806700
209100	85654380
416150	15875410
693646	83331
6630	407175300
72541	246083700
209100	84917060
416150	15757100
693646	255555
6630	406397800
72541	243951100
209100	85085980
416150	15785680
693646	152111
6630	405911900
72541	245123700
209100	85188480
416150	15874770
693646	413689
6630	404680700
72541	243704900
209100	84529870
416150	15558050
693646	315799
6630	405177500
72541	244252300
209100	84435320
416150	15754750
693646	383137
6630	401904100
72541	243468000
209100	84138180
416150	15683250
693646	297770
6630	401596700
72541	242105300
209100	83994930
416150	15623320
693646	471437
6630	403277700
72541	242450800
209100	83815820
416150	15566540
693646	432402
6630	401746300
72541	241968800
209100	83338180
416150	15597420
693646	352285
6630	401601600
72541	241426000
209100	83222750
416150	15432320
693646	458328
6630	401282100
72541	241375900
209100	83001340
416150	15417860
693646	396542
6630	400525300
72541	240450700
209100	82245780
416150	15305780
693646	439913
6630	400796400
72541	239587200
209100	82339280
416150	15167910
693646	355664
6630	399662400
72541	239352600
209100	82317730
416150	15142860
693646	376074
6630	399355800
72541	238699600
209100	81839280
416150	14968240
693646	362941
6630	397626200
72541	238201100
209100	81792410
416150	14987430
693646	404226
6630	398622500
72541	238080600
209100	81411550
416150	14997820
693646	399292
6630	398112300
72541	238135800
209100	81336740
416150	14889660
693646	507861
6630	397649500
72541	237241100
209100	81323750
416150	14906980
693646	612387
6630	399340700
72541	237436200
209100	81079650
416150	15088940
693646	778877
6630	401365700
72541	239892400
209100	81904660
416150	15385000
693646	953301
6630	406068200
72541	242273000
209100	82567150
416150	15607500
693646	1120860
6630	409315800
72541	244408100
209100	83805900
416150	15899860
693646	1039404
6630	414380200
72541	247236300
209100	84012510
416150	15995430
693646	1115017
6630	417818700
72541	250842300
209100	85353930
416150	16169350
693646	1170438
6630	422645700
72541	251801000
209100	85760560
416150	16180790
693646	1237729
6630	426163400
72541	253176600
209100	86223130
416150	16378580
693646	1242712
6630	429330000
72541	254198800
209100	86593020
416150	16446670
693646	1256462
6630	431680600
72541	257564300
209100	87287620
416150	16656340
693646	1348506
6630	434429300
72541	258557800
209100	87897400
416150	16659200
693646	1253956
6630	436559800
72541	259597400
209100	88084530
416150	16693530
693646	1259731
6630	437587700
72541	259947500
209100	88114180
416150	16798720
693646	1294538
6630	438194400
72541	260192300
209100	88062110
416150	16773740
693646	1343802
6630	438420400
72541	260400800
209100	88255790
416150	16733800
693646	1282051
6630	438973200
72541	260552600
209100	88368490
416150	16632440
693646	1244494
6630	439666000
72541	261241600
209100	88609380
416150	16743710
693646	1301663
6630	440981400
72541	261550900
209100	88942660
416150	16743850
693646	1186763
6630	441172300
72541	262042400
209100	88779970
416150	16737330
693646	1243614
6630	441315100
72541	261943200
209100	89014860
416150	16829080
693646	1194244
6630	441550800
72541	262330000
209100	89017720
416150	16811220
693646	1072064
6630	441667100
72541	262535500
209100	89099090
416150	16758090
693646	1221442
6630	441754200
72541	262490800
209100	89015120
416150	16753260
693646	1071918
6630	441074000
72541	262302300
209100	89103860
416150	16788720
693646	1234256
6630	441236600
72541	261861200
209100	89020470
416150	16795450
693646	1081398
6630	440655300
72541	262237600
209100	89027050
416150	16799740
693646	1154939
6630	440045400
72541	261999200
209100	88962310
416150	16749470
693646	1113722
6630	440326600
72541	262200800
209100	89059900
416150	16729980
693646	1045692
6630	440540200
72541	262543000
209100	89353120
416150	16847650
693646	1137083
6630	441238800
72541	262457500
209100	89412140
416150	16807540
693646	1190284
6630	441274900
72541	262902800
209100	89463730
416150	16835150
693646	1098044
6630	441298400
72541	262738300
209100	89471510
416150	16843490
693646	1070276
6630	440435400
72541	262688200
209100	89315350
416150	16895900
693646	1068608
6630	439794100
72541	262233100
209100	89312860
416150	16777360
693646	982109
6630	439429700
72541	262135400
209100	89425660
416150	16850950
693646	1010860
6630	438789500
72541	262043600
209100	89538980
416150	16928800
693646	1056564
6630	440673900
72541	262435400
209100	89339650
416150	16804540
693646	970355
6630	440191300
72541	262641600
209100	89592900
416150	16905490
693646	955336
6630	439186700
72541	262487700
209100	89661310
416150	16901790
693646	943843
6630	438226800
72541	262013700
209100	89455640
416150	16713520
693646	907238
6630	438449100
72541	262144300
209100	89182740
416150	16809590
693646	914529
6630	439493700
72541	261398200
209100	89379750
416150	16845500
693646	883034
6630	438119100
72541	261902800
209100	89248460
416150	16838480
693646	800152
6630	438913200
72541	262145000
209100	89594960
416150	16707350
693646	738149
6630	437484200
72541	261715300
209100	89591460
416150	16764860
693646	741192
6630	438704000
72541	261142200
209100	89472380
416150	16638420
693646	654610
6630	437553500
72541	261846900
209100	89433370
416150	16607530
693646	705432
6630	437265300
72541	261196400
209100	89380300
416150	16660570
693646	662729
6630	436897900
72541	261091800
209100	89265020
416150	16429850
693646	581508
6630	437128600
72541	261312700
209100	89583410
416150	16556810
693646	565197
6630	437376200
72541	261285200
209100	89861200
416150	16534240
693646	610949
6630	437458500
72541	262021700
209100	89806680
416150	16547660
693646	499348
6630	437689700
72541	261670800
209100	89620920
416150	16491070
693646	539146
6630	436704800
72541	261176100
209100	89568060
416150	16525940
693646	621332
6630	436950800
72541	261427600
209100	89589220
416150	16485460
693646	492393
6630	435673200
72541	260874700
209100	89485200
416150	16421200
693646	460019
6630	436233600
72541	260454900
209100	89720090
416150	16603380
693646	442924
6630	435780600
72541	261225800
209100	89606670
416150	16540950
693646	468680
6630	436079300
72541	261345900
209100	89549820
416150	16481960
693646	283550
6630	435387400
72541	260733200
209100	89820590
416150	16546470
693646	451341
6630	436420800
72541	261175600
209100	89879300
416150	16504690
693646	566169
6630	436831200
72541	260451100
209100	89689990
416150	16477790
693646	412025
6630	436896200
72541	261571500
209100	89959680
416150	16722590
693646	464290
6630	435368800
72541	260858900
209100	89803700
416150	16567150
693646	468536
6630	434229800
72541	260480200
209100	89824590
416150	16679490
693646	372931
6630	435055900
72541	261189000
209100	89757310
416150	16724620
693646	449437
6630	435245500
72541	260962800
209100	89969500
416150	16740230
693646	378915
6630	435535200
72541	261003000
209100	90100220
416150	16806620
693646	401028
6630	434780100
72541	261690400
209100	89987260
416150	16812240
693646	470042
6630	436053300
72541	261465800
209100	90481060
416150	16905110
693646	524684
6630	434750100
72541	261272100
209100	90344620
416150	16965770
693646	448085
6630	433177400
72541	262010900
209100	90587580
416150	16835400
693646	374991
6630	435271600
72541	261620300
209100	90349090
416150	16922870
693646	488932
6630	433727200
72541	260661400
209100	90421050
416150	16873130
693646	549394
6630	433798100
72541	260699200
209100	90616550
416150	17008820
693646	511632
6630	433546200
72541	260832800
209100	90589430
416150	16976450
693646	437267
6630	433679300
72541	260166500
209100	90382210
416150	16827860
693646	421909
6630	431655500
72541	260717300
209100	90613360
416150	16980600
693646	477889
6630	432489900
72541	260408200
209100	89904160
416150	16971260
693646	340329
6630	432914400
72541	260576400
209100	90281680
416150	16876170
693646	499692
6630	430053900
72541	261138900
209100	90399610
416150	16859150
693646	453129
6630	431724700
72541	260629100
209100	90532100
416150	17019380
693646	414821
6630	432755800
72541	260964300
209100	90274860
416150	16952480
693646	414868
6630	432329300
72541	260311600
209100	90363560
416150	16905070
693646	390183
6630	431232400
72541	260878900
209100	90661900
416150	16965250
693646	426896
6630	432099700
72541	259484600
209100	90049530
416150	16913750
693646	453431
6630	431866000
72541	259240500
209100	90205420
416150	16939570
693646	394784
6630	431755200
72541	258091800
209100	90092400
416150	16954190
693646	385942
6630	431550500
72541	259507000
209100	90258060
416150	16918540
693646	300526
6630	429201100
72541	260555700
209100	90166350
416150	17019850
693646	303862
6630	429529900
72541	260119200
209100	90647920
416150	16858990
693646	385720
6630	431472900
72541	259164200
209100	90404940
416150	16985220
693646	352283
6630	429806900
72541	259257200
209100	89763120
416150	16857670
693646	231469
6630	431284900
72541	259808500
209100	90618370
416150	16867430
693646	341272
6630	429661200
72541	259298400
209100	90225950
416150	16915090
693646	327511
6630	429998000
72541	259189100
209100	90597280
416150	16880590
693646	383368
6630	430108400
72541	259868000
209100	90127020
416150	16791180
693646	292381
6630	430374100
72541	259902800
209100	90216060
416150	16798140
693646	364498
6630	430672900
72541	259161200
209100	90107570
416150	16900920
693646	334309
6630	430074200
72541	259863700
209100	90200580
416150	16699020
693646	380990
6630	429283900
72541	259381400
209100	90111250
416150	16935610
693646	419010
6630	432649500
72541	258892700
209100	90262660
416150	16927530
693646	321834
6630	428792800
72541	260117900
209100	89989000
416150	16796040
693646	319313
6630	430888400
72541	258838500
209100	90187380
416150	16860640
693646	311471
6630	428608800
72541	259408100
209100	89915240
416150	16679340
693646	325179
6630	429766100
72541	258667600
209100	90276340
416150	16845360
693646	232856
6630	429203000
72541	258755300
209100	90225100
416150	16709140
693646	173222
6630	427865500
72541	258403100
209100	90254200
416150	16774560
693646	283564
6630	428751600
72541	258060700
209100	90154660
416150	16803840
693646	319816
6630	428823200
72541	258057500
209100	89942430
416150	16732250
693646	237381
6630	429574500
72541	258158200
209100	90108270
416150	16700810
693646	216874
6630	429881700
72541	257792800
209100	89863260
416150	16772220
693646	233116
6630	428212100
72541	258364800
209100	89985140
416150	16812550
693646	244077
6630	427466000
72541	258496100
209100	90055330
416150	16780720
693646	264589
6630	428289100
72541	258069200
209100	89582690
416150	16757260
693646	199169
6630	428244100
72541	256748600
209100	90049260
416150	16541640
693646	87599
6630	427123100
72541	257906300
209100	89733960
416150	16825150
693646	263607
6630	428248600
72541	258581400
209100	89276160
416150	16666790
693646	179201
6630	427849700
72541	258130700
209100	90034120
416150	16707000
693646	172043
6630	426187600
72541	257854500
209100	89688990
416150	16654600
693646	288428
6630	425278100
72541	257138800
209100	89835040
416150	16637610
693646	234791
6630	426672600
72541	258232200
209100	90093180
416150	16805470
693646	224823
6630	426989100
72541	257337700
209100	90186020
416150	16581440
693646	318608
6630	426242900
72541	257909100
209100	89944530
416150	16777030
693646	272155
6630	425531000
72541	257752200
209100	89757810
416150	16716010
693646	265191
6630	428258900
72541	257397100
209100	89819460
416150	16720080
693646	271292
6630	427878500
72541	258409100
209100	89787740
416150	16710680
693646	81088
6630	425817500
72541	257785000
209100	89659060
416150	16677160
693646	254048
6630	428110200
72541	257547800
209100	89512020
416150	16665200
693646	214007
6630	427009100
72541	257255800
209100	89584700
416150	16709730
693646	316754
6630	427276400
72541	257637900
209100	89816880
416150	16732260
693646	255746
6630	426779100
72541	257772800
209100	89487900
416150	16682930
693646	281306
6630	427384800
72541	258152300
209100	89904120
416150	16619590
693646	241300
6630	427446300
72541	256851900
209100	89460210
416150	16812760
693646	364030
6630	427228800
72541	257146000
209100	89794690
416150	16660960
693646	177143
6630	426081100
72541	257469800
209100	89740770
416150	16739230
693646	257928
6630	427776500
72541	257520600
209100	89313280
416150	16491370
693646	366759
6630	426100500
72541	258112500
209100	89910400
416150	16619600
693646	204355
6630	427201800
72541	257725700
209100	89901420
416150	16795240
693646	425191
6630	426418900
72541	259306500
209100	89825950
416150	16795040
693646	261071
6630	426848200
72541	257259100
209100	89832970
416150	16857100
693646	218832
6630	426756600
72541	258152600
209100	89859320
416150	16819000
693646	259007
6630	426651200
72541	257858700
209100	89452820
416150	16803210
693646	327576
6630	426474700
72541	257767700
209100	89812390
416150	16822040
693646	351956
6630	427735200
72541	258523600
209100	89970700
416150	16826050
693646	344382
6630	428003600
72541	257438400
209100	90249590
416150	16719590
693646	282027
6630	426858900
72541	258119700
209100	89741840
416150	16697260
693646	296528
6630	427191800
72541	258132400
209100	90033500
416150	16806680
693646	254780
6630	427475000
72541	257842800
209100	89639730
416150	16684110
693646	414505
6630	427392600
72541	258681300
209100	89948780
416150	16817760
693646	297866
6630	427800500
72541	258503700
209100	89641730
416150	16847320
693646	265469
6630	427571000
72541	258337400
209100	89724340
416150	16783840
693646	279364
6630	428557300
72541	258803000
209100	89740720
416150	16903350
693646	400222
6630	426762500
72541	257683300
209100	90008370
416150	16928970
693646	418654
6630	429178400
72541	258532200
209100	90154310
416150	16909590
693646	334279
6630	427393900
72541	258680400
209100	89895490
416150	16986980
693646	241069
6630	428311900
72541	258796300
209100	90198260
416150	16904520
693646	361635
6630	427290200
72541	257822100
209100	89874650
416150	16865410
693646	292311
6630	428448700
72541	258644000
209100	90094040
416150	16966360
693646	337511
6630	428349100
72541	259386300
209100	90272060
416150	16861180
693646	400228
6630	428850200
72541	258065400
209100	90030230
416150	17028870
693646	428683
6630	428628500
72541	259217600
209100	90096700
416150	16836420
693646	410786
6630	428461800
72541	258189100
209100	90273560
416150	16882970
693646	330878
6630	427392800
72541	258956900
209100	89842500
416150	16904920
693646	453132
6630	428885200
72541	258525100
209100	90075610
416150	16915880
693646	521563
6630	428529600
72541	258806100
209100	90039070
416150	16957200
693646	356022
6630	428368400
72541	258672100
209100	89834380
416150	16915780
693646	463258
6630	428952500
72541	258799400
209100	90163870
416150	16978880
693646	445883
6630	429240700
72541	259235800
209100	90130950
416150	17021800
693646	418650
6630	428909200
72541	258497500
209100	90247400
416150	16889420
693646	412080
6630	429652900
72541	259845400
209100	90033910
416150	16891640
693646	513997
6630	429211500
72541	258486300
209100	90011180
416150	16854570
693646	478966
6630	429436000
72541	259867900
209100	89938250
416150	16928980
693646	477642
6630	428964500
72541	259109700
209100	89878230
416150	17047320
693646	514875
6630	429856900
72541	259257800
209100	90304220
416150	16943880
693646	346273
6630	429693300
72541	258899000
209100	90131860
416150	16867500
693646	403442
6630	429945700
72541	259456500
209100	89829600
416150	16952460
693646	313321
6630	429353600
72541	259557200
209100	90224110
416150	17005720
693646	449532
6630	430552400
72541	258295500
209100	90364980
416150	16982310
693646	471593
6630	429431100
72541	258834300
209100	90184260
416150	16935740
693646	396389
6630	429141700
72541	258940400
209100	90498710
416150	16999530
693646	477639
6630	428283200
72541	259107700
209100	90333360
416150	17019800
693646	533706
6630	432925000
72541	258900400
209100	90425540
416150	16985260
693646	451743
6630	430206600
72541	258335300
209100	90294620
416150	17052620
693646	488470
6630	429199200
72541	259156600
209100	90244080
416150	17090890
693646	560663
6630	431501300
72541	260025900
209100	90106500
416150	17049000
693646	491747
6630	430692600
72541	258987200
209100	90381780
416150	16963440
693646	491387
6630	429495400
72541	259309400
209100	89687670
416150	17100330
693646	511348
6630	429098400
72541	258940300
209100	90164210
416150	17051720
693646	527393
6630	429313700
72541	259713000
209100	90022160
416150	16978410
693646	481561
